,City,Cloudiness,Country,Humidity,Lat,Lng,Temp,Wind Speed,Date
0,busselton,29,AU,34,-33.65,115.33,293.7,4.61,1603586630
1,butaritari,67,KI,70,3.07,172.79,300.38,3.89,1603586765
2,esperance,0,AU,63,-33.87,121.9,289.15,7.2,1603586765
3,morwa,1,IN,51,22.9,73.83,295.3,0.44,1603586765
4,khuzdar,0,PK,37,27.74,66.64,285.35,2.44,1603586765
5,chokurdakh,45,RU,97,70.63,147.92,263.38,3.37,1603586765
6,bengkulu,100,ID,74,-3.8,102.27,300.18,1.31,1603586765
7,kapaa,40,US,74,22.08,-159.32,301.83,7.7,1603586766
8,cidreira,4,BR,92,-30.18,-50.21,293.42,6.86,1603586766
9,murchison,100,NZ,86,-41.8,172.33,289.92,1.13,1603586766
10,mataura,100,NZ,54,-46.19,168.86,294.08,4.53,1603586207
11,airai,79,TL,56,-8.93,125.41,298.27,0.38,1603586766
12,cherskiy,22,RU,94,68.75,161.3,265.99,2.18,1603586766
13,bathsheba,40,BB,74,13.22,-59.52,301.15,10.8,1603586766
14,arraial do cabo,100,BR,94,-22.97,-42.03,294.48,9.62,1603586628
15,punta arenas,100,CL,93,-53.15,-70.92,278.92,6.7,1603586766
16,ushuaia,75,AR,70,-54.8,-68.3,280.15,2.62,1603586767
17,peniche,76,PT,81,39.36,-9.38,290.59,6.26,1603586767
18,haines junction,100,CA,76,60.75,-137.51,270.2,0.56,1603586648
19,ahipara,45,NZ,63,-35.17,173.17,293.67,2.67,1603586767
20,hermanus,6,ZA,85,-34.42,19.23,289.26,1.79,1603586767
21,tuktoyaktuk,75,CA,85,69.45,-133.04,268.15,4.1,1603586767
22,provideniya,93,RU,86,64.38,-173.3,274.79,5.12,1603586767
23,cascais,100,PT,94,38.7,-9.42,290.2,8.15,1603586768
24,whitley bay,0,GB,87,55.04,-1.45,279.49,3.6,1603586768
25,verkhnyaya inta,100,RU,92,65.98,60.31,267.28,5.93,1603586768
26,jamestown,90,US,69,42.1,-79.24,278.04,1.5,1603586570
27,kabalo,24,CD,90,-6.05,26.92,293.97,1.04,1603586768
28,rundu,3,NA,27,-17.93,19.77,293.94,1.68,1603586768
29,hithadhoo,72,MV,73,-0.6,73.08,301.6,3.98,1603586768
30,ponta delgada,40,PT,93,37.73,-25.67,291.15,2.6,1603586768
31,rikitea,100,PF,80,-23.12,-134.97,296.98,9.32,1603586768
32,sungaipenuh,100,ID,85,-2.08,101.38,293.65,0.06,1603586769
33,sola,75,VU,74,-13.88,167.55,304.15,2.6,1603586769
34,kodiak,90,US,87,57.79,-152.41,281.15,3.6,1603586769
35,north bend,1,US,71,43.41,-124.22,285.69,6.7,1603586769
36,ipixuna,0,BR,78,-1.76,-48.8,300.15,3.6,1603586769
37,bredasdorp,21,ZA,82,-34.53,20.04,290.15,3.6,1603586753
38,cape town,75,ZA,77,-33.93,18.42,288.74,3.6,1603586468
39,dikson,46,RU,92,73.51,80.55,267.58,1.96,1603586769
40,vila velha,40,BR,94,-20.33,-40.29,295.15,5.44,1603586770
41,hibbing,90,US,68,47.43,-92.94,268.85,4.1,1603586770
42,cacule,86,BR,79,-14.5,-42.22,295.48,0.81,1603586641
43,bundaberg,75,AU,61,-24.85,152.35,300.27,7.2,1603586770
44,bluff,98,NZ,61,-46.6,168.33,291.14,8.26,1603586770
45,hilo,75,US,62,19.73,-155.09,299.64,6.7,1603586771
46,port alfred,1,ZA,90,-33.59,26.89,291.85,3.13,1603586771
47,nikolskoye,75,RU,86,59.7,30.79,276.49,1.78,1603586771
48,puerto ayora,100,EC,97,-0.74,-90.35,292.59,3.13,1603586771
49,coihaique,90,CL,70,-45.58,-72.07,282.15,5.1,1603586771
50,talnakh,75,RU,92,69.49,88.4,262.15,4.0,1603586771
51,las juntas,40,MX,74,19.42,-104.7,303.15,7.7,1603586711
52,yellowknife,75,CA,67,62.46,-114.35,268.3,2.6,1603586771
53,geraldton,0,AU,20,-28.77,114.6,301.15,8.2,1603586564
54,acajutla,68,SV,100,13.59,-89.83,295.37,2.13,1603586246
55,atuona,55,PF,75,-9.8,-139.03,299.05,8.87,1603586772
56,kasempa,95,ZM,32,-13.46,25.83,291.1,2.14,1603586772
57,riberalta,72,BO,71,-10.98,-66.1,300.14,1.94,1603586772
58,victor harbor,35,AU,56,-35.57,138.62,286.48,1.79,1603586772
59,south sioux city,90,US,63,42.47,-96.41,272.07,4.1,1603586773
60,goderich,77,CA,84,43.75,-81.72,277.22,3.43,1603586595
61,kristiinankaupunki,100,FI,81,62.27,21.38,275.59,2.35,1603586773
62,aquiraz,75,BR,83,-3.9,-38.39,300.15,5.7,1603586773
63,lavrentiya,0,RU,86,65.58,-171.0,274.55,3.56,1603586773
64,hualmay,77,PE,84,-11.1,-77.61,290.03,3.5,1603586773
65,presidencia roque saenz pena,0,AR,60,-26.79,-60.44,299.31,2.63,1603586773
66,ponta do sol,20,PT,72,32.67,-17.1,288.98,2.1,1603586774
67,ribeira grande,100,PT,80,38.52,-28.7,292.28,6.59,1603586774
68,saskylakh,100,RU,94,71.92,114.08,262.21,8.59,1603586774
69,piacabucu,83,BR,78,-10.41,-36.43,298.39,4.02,1603586774
70,morondava,92,MG,65,-20.28,44.28,297.24,4.61,1603586774
71,clyde river,90,CA,79,70.47,-68.59,266.15,3.6,1603586775
72,sergeyevka,100,KZ,94,53.88,67.42,277.54,6.33,1603586775
73,talaya,100,RU,90,61.38,152.75,274.06,1.29,1603586775
74,georgetown,20,MY,88,5.41,100.34,298.93,1.0,1603586705
75,victoria,100,HK,64,22.29,114.16,295.11,2.24,1603586603
76,mehamn,100,NO,82,71.04,27.85,275.68,5.22,1603586775
77,new norfolk,79,AU,37,-42.78,147.06,285.03,2.52,1603586775
78,vizianagaram,75,IN,100,18.12,83.42,298.15,1.5,1603586776
79,kavieng,72,PG,69,-2.57,150.8,302.22,0.84,1603586776
80,east london,4,ZA,88,-33.02,27.91,293.59,1.55,1603586776
81,astana,75,KZ,100,51.18,71.45,272.15,11.0,1603586776
82,berdigestyakh,0,RU,94,62.1,126.7,265.56,1.53,1603586776
83,avarua,64,CK,73,-21.21,-159.78,297.15,6.2,1603586776
84,navirai,6,BR,73,-23.07,-54.19,297.44,0.88,1603586776
85,bethel,15,US,75,41.37,-73.41,282.71,0.89,1603586777
86,mananjary,98,MG,86,-21.22,48.33,293.52,1.39,1603586777
87,torbay,90,CA,100,47.67,-52.73,282.5,11.8,1603586777
88,khatanga,100,RU,95,71.97,102.5,259.01,6.35,1603586777
89,ilulissat,10,GL,57,69.22,-51.1,266.15,7.2,1603586777
90,roebourne,0,AU,45,-20.78,117.13,299.41,4.08,1603586777
91,meulaboh,100,ID,95,4.14,96.13,296.53,2.92,1603586777
92,chitral,100,PK,46,35.85,71.79,283.85,1.0,1603586649
93,tasiilaq,93,GL,69,65.61,-37.64,274.15,1.5,1603586778
94,umea,54,SE,92,63.83,20.26,266.15,1.0,1603586778
95,matagami,75,CA,92,49.75,-77.63,270.15,2.6,1603586778
96,boca do acre,100,BR,80,-8.75,-67.4,298.95,0.12,1603586778
97,pisco,0,PE,82,-13.7,-76.22,290.0,6.7,1603586778
98,ambanja,47,MG,81,-13.68,48.45,295.54,1.21,1603586778
99,hobart,75,AU,70,-42.88,147.33,284.56,5.1,1603586778
100,comodoro rivadavia,75,AR,77,-45.87,-67.5,289.15,1.0,1603586778
101,kaitangata,100,NZ,55,-46.28,169.85,293.65,3.65,1603586779
102,nanortalik,100,GL,89,60.14,-45.24,273.55,2.27,1603586779
103,qaanaaq,100,GL,91,77.48,-69.36,264.84,5.54,1603586255
104,coahuayana,40,MX,83,18.73,-103.68,299.15,5.1,1603586779
105,turukhansk,100,RU,95,65.82,87.98,260.22,2.38,1603586779
106,alofi,82,NU,78,-19.06,-169.92,299.15,7.2,1603586779
107,marrakesh,0,MA,67,31.63,-8.01,289.15,2.1,1603586779
108,albany,43,US,67,42.6,-73.97,280.75,2.24,1603586636
109,varkkallai,20,IN,83,8.73,76.71,299.15,2.56,1603586780
110,elko,1,US,27,41.0,-115.5,287.35,8.2,1603586780
111,axim,52,GH,88,4.87,-2.24,298.39,3.19,1603586273
112,katsuura,75,JP,42,35.13,140.3,290.79,7.7,1603586780
113,kulhudhuffushi,97,MV,72,6.62,73.07,301.2,4.26,1603586781
114,rawson,70,AR,65,-43.3,-65.1,287.82,5.71,1603586781
115,flinders,100,AU,72,-34.58,150.86,286.67,3.13,1603586781
116,lebu,0,CL,81,-37.62,-73.65,282.66,2.05,1603586781
117,buncrana,21,IE,87,55.13,-7.45,278.98,5.74,1603586781
118,bambous virieux,75,MU,94,-20.34,57.76,293.94,5.1,1603586782
119,cayenne,20,GF,83,4.93,-52.33,301.15,2.6,1603586782
120,mar del plata,90,AR,100,-38.0,-57.56,288.16,2.6,1603586598
121,leningradskiy,0,RU,92,69.38,178.42,268.68,4.21,1603586782
122,lorengau,67,PG,59,-2.02,147.27,303.25,2.98,1603586782
123,najran,0,SA,25,17.49,44.13,289.15,1.5,1603586526
124,male,54,MV,76,4.17,73.51,301.27,4.68,1603586782
125,nova odesa,100,UA,60,47.31,31.79,287.44,3.37,1603586782
126,adrar,100,MR,13,20.5,-10.07,303.93,2.15,1603586280
127,petropavlovsk-kamchatskiy,90,RU,81,53.05,158.65,279.15,2.0,1603586783
128,pangai,90,TO,83,-19.8,-174.35,299.15,6.2,1603586783
129,waipawa,23,NZ,82,-41.41,175.52,290.43,9.8,1603586299
130,panaba,38,MX,91,21.28,-88.27,298.28,3.62,1603586783
131,puerto leguizamo,8,CO,79,-0.19,-74.78,298.71,0.85,1603586783
132,lompoc,90,US,63,34.64,-120.46,291.55,5.1,1603586737
133,tigil,100,RU,62,57.8,158.67,278.88,4.38,1603586783
134,port-gentil,100,GA,85,-0.72,8.78,298.88,6.11,1603586783
135,college,75,US,73,64.86,-147.8,270.86,0.8,1603586783
136,jiujiang,100,CN,66,29.73,115.98,288.25,2.23,1603586784
137,krutikha,93,RU,84,53.96,81.21,269.21,3.95,1603586784
138,astaneh-ye ashrafiyeh,0,IR,80,37.26,49.94,290.0,0.55,1603586784
139,tura,45,IN,98,25.52,90.22,295.09,1.91,1603586784
140,kant,0,IN,39,27.8,79.8,292.21,1.37,1603586784
141,awbari,0,LY,26,26.59,12.78,292.22,3.43,1603586784
142,dolny kubin,75,SK,100,49.21,19.3,283.31,1.5,1603586784
143,mahanoro,1,MG,84,-19.9,48.8,293.36,2.1,1603586785
144,vaini,90,TO,94,-21.2,-175.2,296.15,5.1,1603586785
145,bandarbeyla,29,SO,81,9.49,50.81,297.04,1.17,1603586785
146,souillac,75,MU,94,-20.52,57.52,294.15,5.1,1603586276
147,alice springs,0,AU,32,-23.7,133.88,293.15,7.2,1603586708
148,ondjiva,41,AO,44,-17.07,15.73,294.82,1.86,1603586785
149,thompson,90,CA,68,55.74,-97.86,269.15,2.1,1603586516
150,barrow,90,US,86,71.29,-156.79,274.15,4.6,1603586740
151,ust-barguzin,100,RU,80,53.45,108.98,275.31,1.15,1603586786
152,san lorenzo,0,PY,43,-25.33,-57.53,304.15,2.03,1603586786
153,tatawin,89,TN,74,32.93,10.45,293.44,4.82,1603586786
154,madimba,43,TZ,82,-10.4,40.33,297.67,2.09,1603586786
155,camacha,20,PT,77,33.08,-16.33,290.15,1.5,1603586786
156,saint-philippe,0,RE,52,-21.36,55.77,291.55,3.6,1603586787
157,izhmorskiy,96,RU,92,56.19,86.64,268.72,4.22,1603586787
158,aviles,0,ES,55,43.55,-5.92,292.15,8.7,1603586787
159,salinas,1,US,52,36.68,-121.66,291.67,4.1,1603586657
160,yulara,0,AU,30,-25.24,130.99,293.15,8.7,1603586664
161,mitsamiouli,0,KM,78,-11.38,43.28,298.88,6.43,1603586787
162,sisimiut,0,GL,88,66.94,-53.67,267.73,5.85,1603586752
163,inhambane,79,MZ,84,-23.86,35.38,295.6,3.8,1603586278
164,beruwala,40,LK,86,6.48,79.98,298.7,1.27,1603586787
165,miles city,90,US,78,46.41,-105.84,265.15,5.1,1603586788
166,ulladulla,90,AU,81,-35.35,150.47,283.97,6.2,1603586788
167,inuvik,75,CA,67,68.35,-133.72,268.15,2.1,1603586788
168,gisborne,17,NZ,49,-38.65,178.0,297.59,3.13,1603586788
169,itarema,0,BR,81,-2.92,-39.92,299.5,6.32,1603586788
170,ostrovnoy,100,RU,97,68.05,39.51,272.92,5.48,1603586788
171,malanje,97,AO,98,-9.54,16.34,291.87,0.88,1603586788
172,armeria,40,MX,83,18.93,-103.97,300.41,5.1,1603586789
173,bilibino,6,RU,88,68.05,166.44,267.45,0.68,1603586789
174,brasilia,75,BR,83,-15.78,-47.93,294.48,1.5,1603586672
175,calama,0,CL,18,-22.47,-68.93,291.15,7.7,1603586789
176,boende,100,CD,98,-0.22,20.87,294.98,1.19,1603586789
177,marica,90,BR,88,-22.92,-42.82,295.66,2.6,1603586789
178,richards bay,0,ZA,80,-28.78,32.04,293.89,6.01,1603586789
179,tiksi,100,RU,91,71.69,128.87,260.89,12.14,1603586789
180,constitucion,100,CL,86,-35.33,-72.42,284.97,3.78,1603586790
181,vardo,99,NO,74,70.37,31.11,277.12,8.34,1603586790
182,guerrero negro,0,MX,80,27.98,-114.06,292.85,7.19,1603586790
183,broome,90,US,69,42.25,-75.83,277.52,3.1,1603586790
184,marystown,100,CA,100,47.17,-55.15,284.26,2.68,1603586790
185,mahebourg,75,MU,94,-20.41,57.7,294.15,5.1,1603586790
186,touros,40,BR,88,-5.2,-35.46,298.15,2.1,1603586304
187,iqaluit,75,CA,79,63.75,-68.51,270.15,2.1,1603586791
188,killybegs,100,IE,92,54.63,-8.45,279.82,2.68,1603586791
189,huaiyin,99,CN,57,33.59,119.02,287.87,3.98,1603586791
190,fort smith,90,US,66,35.39,-94.4,284.63,2.1,1603586791
191,kailua,40,US,55,21.4,-157.74,303.33,3.6,1603586791
192,sobolevo,99,RU,94,54.43,31.9,280.14,4.08,1603586791
193,le havre,100,FR,87,49.49,0.11,284.71,6.7,1603586791
194,gladstone,75,AU,78,-23.85,151.25,298.15,5.1,1603586792
195,ancud,40,CL,93,-41.87,-73.82,278.79,2.6,1603586792
196,carnarvon,90,AU,88,-24.87,113.63,296.15,7.2,1603586792
197,talas,0,TR,56,38.69,35.55,279.15,2.1,1603586792
198,chuy,10,UY,97,-33.7,-53.46,289.59,1.91,1603586777
199,maceio,0,BR,94,-9.67,-35.74,296.15,1.5,1603586287
200,bikaner,0,IN,19,28.02,73.3,296.67,4.69,1603586664
201,phan thiet,11,VN,78,10.93,108.1,299.49,0.97,1603586792
202,nieuw amsterdam,40,SR,83,5.88,-55.08,301.04,1.0,1603586793
203,jaguey grande,20,CU,100,22.53,-81.13,297.15,2.6,1603586793
204,kaeo,5,NZ,67,-35.1,173.78,295.37,2.68,1603586276
205,kartuzy,0,PL,93,54.33,18.2,283.5,1.0,1603586793
206,aklavik,75,CA,67,68.22,-135.01,268.15,2.1,1603586793
207,saint george,1,US,29,37.1,-113.58,298.15,4.6,1603586613
208,cubuk,0,TR,60,40.24,33.03,284.09,2.1,1603586793
209,laurentides,100,CA,91,46.43,-74.98,273.34,2.6,1603586793
210,bobo dioulasso,0,BF,73,11.18,-4.3,297.15,1.06,1603586794
211,bilma,0,NE,18,18.69,12.92,296.51,4.2,1603586794
212,yar-sale,8,RU,96,66.83,70.83,263.98,2.96,1603586794
213,bow island,90,CA,78,49.87,-111.37,264.34,4.1,1603586528
214,zemio,100,CF,92,5.03,25.14,294.7,0.54,1603586794
215,pitlochry,65,GB,94,56.71,-3.73,277.61,2.69,1603586794
216,kruisfontein,0,ZA,89,-34.0,24.73,288.15,2.21,1603586794
217,zyryanka,0,RU,94,65.75,150.85,266.3,3.75,1603586227
218,smithers,5,CA,46,54.78,-127.17,271.15,2.6,1603586530
219,svetlyy,31,RU,100,54.67,20.13,282.86,2.0,1603586795
220,moerai,86,PF,78,-22.43,-151.33,295.79,10.55,1603586795
221,atocha,0,BO,34,-20.93,-66.23,286.16,3.06,1603586795
222,panguna,64,PG,74,-6.32,155.48,300.31,0.9,1603586795
223,mahabad,0,IR,59,36.76,45.72,282.02,0.96,1603586795
224,nhulunbuy,40,AU,58,-12.23,136.77,304.15,1.5,1603586271
225,codrington,96,AU,64,-38.27,141.97,284.21,9.34,1603586796
226,muli,69,MV,78,2.92,73.57,301.17,5.22,1603586796
227,severo-kurilsk,100,RU,93,50.68,156.12,281.61,5.02,1603586796
228,komsomolskiy,98,UZ,64,40.43,71.72,277.15,2.1,1603586796
229,ayacucho,73,PE,54,-13.16,-74.22,290.14,0.94,1603586796
230,husavik,90,IS,80,66.04,-17.34,278.15,8.2,1603586797
231,maumere,100,ID,66,-8.62,122.21,302.78,1.69,1603586248
232,sitka,1,US,38,57.05,-135.33,279.15,1.32,1603586797
233,biloela,89,AU,64,-24.42,150.5,298.63,5.14,1603586797
234,teluknaga,20,ID,83,-6.1,106.64,301.22,1.5,1603586797
235,norman wells,75,CA,92,65.28,-126.83,267.15,2.1,1603586797
236,port elizabeth,0,ZA,93,-33.92,25.57,289.15,2.1,1603586798
237,alindao,100,CF,95,5.03,21.21,294.55,1.02,1603586798
238,rumonge,100,BI,66,-3.97,29.44,296.68,1.27,1603586798
239,longwy,94,FR,85,49.52,5.77,285.01,4.02,1603586798
240,hambantota,82,LK,81,6.12,81.12,299.3,5.01,1603586260
241,borogontsy,38,RU,95,62.67,131.17,262.38,1.46,1603586798
242,pemba,1,MZ,84,-12.97,40.52,297.81,1.88,1603586798
243,libreville,40,GA,83,0.39,9.45,300.15,2.6,1603586537
244,veseloyarsk,100,RU,86,51.28,81.11,271.54,6.02,1603586799
245,avera,1,US,88,33.19,-82.53,295.55,1.5,1603586274
246,pangkalanbuun,100,ID,75,-2.68,111.62,301.73,0.6,1603586799
247,solginskiy,74,RU,98,61.05,41.34,272.28,3.08,1603586799
248,boda,100,CF,94,4.32,17.47,294.28,1.75,1603586799
249,cordoba,75,AR,88,-31.41,-64.18,295.68,3.1,1603586547
250,port hedland,0,AU,61,-20.32,118.57,299.15,6.2,1603586799
251,kharp,92,RU,93,66.8,65.81,261.18,2.39,1603586799
252,shelburne,90,CA,86,44.08,-80.2,275.99,1.84,1603586242
253,chara,100,RU,91,56.91,118.26,269.46,0.29,1603586800
254,ust-maya,25,RU,94,60.42,134.53,265.04,1.76,1603586800
255,edd,47,ER,43,13.93,41.69,301.37,3.83,1603586800
256,charlestown,100,AU,97,-32.95,151.67,287.75,1.34,1603586656
257,kudahuvadhoo,47,MV,79,2.67,72.89,301.02,4.91,1603586050
258,shelkovskaya,0,RU,52,43.51,46.34,279.15,2.0,1603586800
259,kirillov,100,RU,96,59.86,38.38,273.38,2.39,1603586800
260,constantine,40,DZ,87,36.37,6.61,284.15,1.0,1603586800
261,panzhihua,99,CN,67,26.59,101.71,290.39,0.29,1603586801
262,shingu,20,JP,44,33.73,135.98,289.15,7.7,1603586801
263,adeje,20,ES,60,28.12,-16.73,292.74,6.2,1603586801
264,upernavik,85,GL,93,72.79,-56.15,267.93,3.98,1603586801
265,porto novo,20,BJ,88,6.5,2.6,300.15,4.6,1603586801
266,lenger,0,KZ,69,42.18,69.88,274.15,4.0,1603586801
267,jinchang,78,CN,44,38.5,102.17,282.93,4.07,1603586801
268,abu dhabi,0,AE,41,24.47,54.37,297.28,2.6,1603586764
269,san ramon,1,US,63,37.78,-121.98,290.24,7.7,1603586703
270,wiarton,75,CA,69,44.74,-81.13,275.41,1.0,1603586802
271,oranjemund,93,NA,91,-28.55,16.43,288.44,4.12,1603586802
272,mount isa,0,AU,36,-20.73,139.5,298.15,6.2,1603586802
273,matao,0,BR,93,-21.6,-48.37,293.06,2.78,1603586802
274,salalah,0,OM,49,17.02,54.09,295.15,2.6,1603586802
275,luanda,75,AO,83,-8.84,13.23,298.15,3.6,1603586673
276,andra,95,RU,96,62.51,65.89,267.91,5.71,1603586802
277,zharkent,61,KZ,74,44.16,80.0,276.18,1.46,1603586803
278,kahului,40,US,46,20.89,-156.47,301.19,5.7,1603586655
279,nouadhibou,0,MR,64,20.93,-17.03,296.15,7.2,1603586803
280,along,100,IN,90,28.17,94.77,293.94,0.37,1603586212
281,gizo,55,SB,73,-8.1,156.84,302.32,3.8,1603586803
282,sabaudia,1,IT,92,41.3,13.03,285.91,2.24,1603586803
283,taoudenni,7,ML,13,22.68,-3.98,303.37,4.59,1603586300
284,sidvokodvo,0,SZ,67,-26.63,31.42,291.16,1.3,1603586803
285,beringovskiy,98,RU,95,63.05,179.32,272.92,6.39,1603586803
286,banda aceh,100,ID,84,5.56,95.32,298.02,3.42,1603586804
287,beloha,88,MG,82,-25.17,45.05,293.26,3.04,1603586804
288,cabo san lucas,5,MX,58,22.89,-109.91,302.08,3.6,1603586804
289,bantou,81,CN,53,26.22,117.49,292.21,1.0,1603586804
290,mujiayingzi,73,CN,43,42.12,118.78,282.83,1.9,1603586238
291,pangnirtung,86,CA,87,66.15,-65.71,264.6,2.4,1603586804
292,marathon,40,US,54,44.9,-89.77,272.18,2.6,1603586804
293,viedma,0,AR,70,-40.81,-63.0,293.15,1.79,1603586804
294,trujillo,77,PE,81,-8.12,-79.03,290.54,2.78,1603586805
295,horodyshche,100,UA,92,49.28,31.45,284.15,3.58,1603586805
296,todos santos,0,MX,82,23.45,-110.22,298.98,1.79,1603586805
297,laguna,1,US,52,38.42,-121.42,292.67,5.1,1603586658
298,pevek,0,RU,90,69.7,170.31,271.12,6.76,1603586805
299,padang,94,ID,72,-0.95,100.35,300.28,0.61,1603586805
300,babylon,90,US,63,40.7,-73.33,288.11,3.1,1603586713
301,saint-augustin,100,CA,93,51.23,-58.65,281.35,9.73,1603586806
302,san jose,0,US,70,37.34,-121.89,292.2,1.96,1603586757
303,mamlyutka,100,KZ,98,54.94,68.54,274.48,5.45,1603586806
304,ternate,100,ID,73,0.8,127.4,301.57,1.57,1603586299
305,los llanos de aridane,75,ES,73,28.66,-17.92,291.19,4.6,1603586806
306,castro,100,BR,90,-24.79,-50.01,290.59,1.61,1603586806
307,northam,3,GB,92,51.03,-4.22,281.66,7.65,1603586806
308,jalu,0,LY,78,29.03,21.55,290.25,3.39,1603586242
309,fujin,0,CN,65,47.26,132.03,278.91,6.48,1603586807
310,abay,0,KZ,75,49.63,72.85,273.15,7.0,1603586807
311,grao mogol,100,BR,89,-16.56,-42.89,292.26,1.18,1603586807
312,ensenada,100,MX,81,31.87,-116.62,293.15,1.79,1603586679
313,muroto,20,JP,62,33.28,134.15,288.15,2.6,1603586807
314,nurota,0,UZ,64,40.56,65.69,276.15,2.1,1603586807
315,fairbanks,90,US,68,64.84,-147.72,270.71,0.88,1603586726
316,khartoum,0,SD,21,15.55,32.53,301.78,7.2,1603586807
317,gravdal,0,NO,76,68.12,13.5,277.66,6.74,1603586807
318,anadyr,90,RU,92,64.75,177.48,268.15,2.0,1603586807
319,the valley,40,AI,74,18.22,-63.06,301.7,5.7,1603586808
320,banamba,0,ML,21,13.55,-7.45,298.1,2.52,1603586808
321,shushenskoye,0,RU,62,53.33,91.94,269.15,4.0,1603586808
322,lahad datu,100,MY,76,5.03,118.33,301.13,1.52,1603586808
323,naze,20,JP,50,28.37,129.48,296.66,4.6,1603586294
324,okha,37,RU,85,53.57,142.95,280.91,2.21,1603586808
325,roald,100,NO,66,62.58,6.13,282.72,6.7,1603586785
326,taman,20,RU,87,45.21,36.72,287.15,3.0,1603586808
327,moron,0,AR,97,-34.65,-58.62,291.54,1.79,1603586809
328,havelock,1,US,77,34.88,-76.9,293.65,2.1,1603586809
329,dubbo,90,AU,87,-32.25,148.62,286.15,4.6,1603586809
330,crixas,98,BR,93,-14.55,-49.97,294.11,1.44,1603586809
331,ruteng,22,ID,78,-8.61,120.47,297.1,0.23,1603586809
332,rio gallegos,90,AR,93,-51.62,-69.22,280.15,2.6,1603586809
333,mahibadhoo,91,MV,78,3.78,72.97,301.07,5.85,1603586810
334,saint-joseph,0,RE,52,-21.37,55.62,293.15,3.6,1603586810
335,bastia,0,FR,81,42.67,9.33,287.78,2.6,1603586810
336,fernie,75,CA,51,49.5,-115.07,265.03,1.0,1603586810
337,alta floresta,100,BR,97,-9.88,-56.09,294.58,1.27,1603586612
338,oshawa,1,CA,69,43.9,-78.85,276.91,3.1,1603586715
339,tarrafal,100,CV,83,15.28,-23.77,299.15,9.8,1603586811
340,lakes entrance,99,AU,94,-37.88,147.98,284.25,4.02,1603586811
341,icod de los vinos,100,ES,74,28.37,-16.71,291.43,1.34,1603586811
342,kranuan,63,TH,68,16.71,103.08,294.89,2.04,1603586811
343,marovoay,40,MG,73,-16.1,46.63,297.15,4.1,1603586811
344,wajima,75,JP,93,37.4,136.9,283.15,4.6,1603586811
345,yerbogachen,100,RU,96,61.28,108.01,268.48,1.24,1603586635
346,colesberg,0,ZA,25,-30.72,25.1,292.75,3.02,1603586811
347,ascension,90,US,82,30.22,-90.9,290.44,3.6,1603586812
348,zhezkazgan,100,KZ,63,47.8,67.71,275.7,7.0,1603586812
349,rabo de peixe,40,PT,93,37.8,-25.58,292.15,4.6,1603586812
350,zeya,0,RU,75,53.75,127.27,275.49,1.95,1603586812
351,zitiste,75,RS,100,45.48,20.55,285.15,0.5,1603586812
352,grand-santi,96,GF,96,4.25,-54.38,296.27,1.02,1603586812
353,baglan,0,AF,71,36.13,68.71,277.57,0.93,1603586812
354,kushima,0,JP,58,31.46,131.23,287.52,2.6,1603586813
355,acapulco,40,MX,83,16.86,-99.89,302.15,3.1,1603586250
356,rocha,23,UY,97,-34.48,-54.33,288.07,1.62,1603586266
357,lebedinyy,0,RU,96,58.52,125.52,269.41,1.46,1603586813
358,tukrah,0,LY,70,32.53,20.58,293.14,2.69,1603586813
359,sinnamary,100,GF,79,5.38,-52.95,300.53,4.91,1603586813
360,cape canaveral,20,US,83,28.41,-80.6,298.63,3.6,1603586525
361,tual,35,ID,73,-5.67,132.75,301.42,2.18,1603586813
362,aitape,80,PG,76,-3.14,142.35,301.31,1.03,1603586813
363,gemena,100,CD,97,3.25,19.77,294.45,1.15,1603586814
364,cimislia,100,MD,93,46.52,28.78,285.15,2.6,1603586814
365,bairiki,40,KI,62,1.33,172.98,303.15,3.1,1603586814
366,rognan,95,NO,93,67.1,15.39,271.26,3.76,1603586814
367,isangel,75,VU,74,-19.55,169.27,300.15,3.1,1603586257
368,manvi,1,IN,85,15.98,77.05,295.73,1.01,1603586815
369,remontnoye,30,RU,81,46.56,43.65,285.15,5.0,1603586815
370,klyuchi,97,RU,77,52.27,79.17,271.96,6.19,1603586815
371,joshimath,0,IN,37,30.57,79.57,281.5,1.9,1603586815
372,camden,100,US,74,39.78,-74.97,287.02,4.62,1603586815
373,hovd,0,MN,73,48.01,91.64,271.02,3.12,1603586816
374,tilichiki,34,RU,88,60.47,166.1,274.16,0.8,1603586816
375,khandyga,0,RU,89,62.67,135.6,263.65,1.16,1603586816
376,auki,14,SB,70,-8.77,160.7,302.99,1.84,1603586816
377,brae,0,GB,76,60.4,-1.35,283.15,6.2,1603586816
378,iquitos,40,PE,78,-3.75,-73.25,300.15,1.0,1603586659
379,sorland,96,NO,77,67.67,12.69,278.82,9.71,1603586816
380,barra patuca,100,HN,87,15.8,-84.28,299.06,3.1,1603586816
381,aykhal,0,RU,92,66.0,111.5,260.15,3.0,1603586817
382,wladyslawowo,0,PL,93,54.79,18.4,283.74,1.0,1603586817
383,omegna,7,IT,86,45.88,8.41,283.65,1.65,1603586817
384,terrace,20,CA,37,54.52,-128.6,275.15,6.2,1603586817
385,sadiqabad,0,PK,22,28.31,70.13,294.24,2.87,1603586817
386,tautira,75,PF,70,-17.73,-149.15,302.15,3.1,1603586817
387,great falls,90,US,85,47.5,-111.3,260.59,5.1,1603586818
388,sambava,82,MG,82,-14.27,50.17,295.1,4.27,1603586818
389,popova,0,RU,36,42.96,131.72,282.15,4.0,1603586818
390,torbat-e jam,0,IR,67,35.24,60.62,278.26,1.95,1603586818
391,beidao,64,CN,67,34.57,105.89,286.38,0.25,1603586818
392,tadine,100,NC,71,-21.55,167.88,298.49,5.56,1603586819
393,virginia beach,75,US,73,36.85,-75.98,295.23,1.2,1603586768
394,korla,0,CN,79,41.76,86.15,278.15,0.45,1603586819
395,vao,100,NC,79,-22.67,167.48,296.1,6.18,1603586819
396,chumikan,100,RU,81,54.72,135.31,275.58,6.6,1603586819
397,baijiantan,79,CN,62,45.63,85.18,278.96,2.82,1603586819
398,waddan,0,LY,51,29.16,16.14,290.07,2.3,1603586819
399,saldanha,0,ZA,72,-33.01,17.94,290.15,2.1,1603586820
400,indramayu,100,ID,71,-6.33,108.32,301.34,4.57,1603586820
401,udachnyy,0,RU,92,66.42,112.4,260.15,3.0,1603586531
402,hukuntsi,100,BW,21,-24.0,21.75,299.02,3.0,1603586820
403,natal,40,BR,88,-5.79,-35.21,298.15,2.1,1603586614
404,benguela,80,AO,79,-12.58,13.41,296.9,2.81,1603586820
405,kindu,99,CD,97,-2.95,25.95,294.64,0.67,1603586820
406,berlevag,100,NO,75,70.86,29.09,276.74,6.89,1603586250
407,la ronge,90,CA,58,55.1,-105.28,269.15,4.6,1603586821
408,zhanaozen,93,KZ,82,43.3,52.8,284.23,4.26,1603586282
409,volokonovka,16,RU,90,50.48,37.86,283.6,3.71,1603586821
410,san isidro,75,PE,82,-12.12,-77.05,290.28,4.6,1603586821
411,guangyuan,63,CN,78,32.44,105.82,286.06,0.88,1603586821
412,tooele,90,US,50,40.53,-112.3,284.91,2.1,1603586821
413,namatanai,26,PG,66,-3.67,152.43,302.79,1.0,1603586822
414,katobu,100,ID,52,-4.94,122.53,305.65,0.61,1603586822
415,kiama,100,AU,86,-34.68,150.87,285.99,0.89,1603586822
416,mount darwin,33,ZW,56,-16.77,31.58,293.91,2.76,1603586822
417,sumenep,78,ID,62,-7.02,113.87,303.24,2.58,1603586822
418,hasaki,75,JP,66,35.73,140.83,288.23,3.1,1603586822
419,saint anthony,1,US,54,45.02,-93.22,270.78,1.5,1603586822
420,kandrian,4,PG,65,-6.22,149.55,303.46,2.81,1603586822
421,amga,56,RU,94,60.9,131.96,264.32,0.9,1603586823
422,bhainsdehi,72,IN,63,21.65,77.63,291.89,0.96,1603586823
423,dunedin,100,NZ,51,-45.87,170.5,293.62,8.1,1603586016
424,matara,91,LK,88,5.95,80.54,298.3,2.88,1603586823
425,landerneau,100,FR,93,48.45,-4.25,283.79,4.1,1603586823
426,takaka,95,NZ,93,-40.85,172.8,289.26,5.81,1603586823
427,coquimbo,7,CL,82,-29.95,-71.34,286.15,3.6,1603586824
428,pasni,0,PK,34,25.26,63.47,296.37,9.64,1603586824
429,san patricio,20,US,53,28.02,-97.52,293.95,1.32,1603586824
430,anamur,75,TR,48,36.08,32.84,292.15,1.5,1603586824
431,iskateley,44,RU,94,67.68,53.15,264.0,5.64,1603586263
432,valparaiso,40,CL,93,-33.04,-71.63,286.15,5.21,1603586238
433,celestun,44,MX,80,20.87,-90.4,300.25,6.6,1603586824
434,yining,99,CN,63,29.04,114.56,288.33,0.5,1603586824
435,progreso,75,MX,78,21.28,-89.67,300.15,3.1,1603586824
436,longyearbyen,75,SJ,79,78.22,15.64,267.15,0.77,1603586824
437,camana,18,PE,75,-16.62,-72.71,290.27,2.63,1603586824
438,mwinilunga,60,ZM,45,-11.74,24.43,290.41,0.83,1603586825
439,makakilo city,1,US,70,21.35,-158.09,302.44,3.1,1603586825
440,port hardy,5,CA,45,50.7,-127.42,281.15,5.7,1603586809
441,varnavino,100,RU,95,57.4,45.09,273.7,1.34,1603586825
442,babstovo,6,RU,65,48.12,132.48,279.13,4.6,1603586825
443,plainview,90,US,63,40.78,-73.47,287.71,3.1,1603586825
444,podosinovets,100,RU,94,60.28,47.07,272.75,2.52,1603586825
445,snasa,100,NO,90,64.25,12.38,273.05,4.0,1603586825
446,tepalcatepec,15,MX,69,19.18,-102.85,299.92,0.64,1603586826
447,bokovskaya,100,RU,92,49.23,41.83,284.61,3.59,1603586826
448,vila franca do campo,40,PT,93,37.72,-25.43,292.15,4.6,1603586796
449,sao joao da barra,100,BR,93,-21.64,-41.05,295.45,7.5,1603586826
450,port lincoln,22,AU,54,-34.73,135.87,286.24,7.39,1603586826
451,magway,100,MM,89,20.15,94.92,297.75,1.76,1603586826
452,half moon bay,40,US,87,37.46,-122.43,289.82,2.6,1603586826
453,tougue,3,GN,59,11.47,-11.6,293.19,0.61,1603586827
454,marquette,100,US,84,46.53,-87.63,272.02,2.9,1603586827
455,bonavista,100,CA,87,48.65,-53.11,282.59,6.71,1603586281
456,korop,100,UA,86,51.57,32.96,284.29,5.15,1603586827
457,aswan,0,EG,34,24.09,32.91,295.4,6.44,1603586827
458,neiafu,90,TO,94,-18.65,-173.98,298.15,2.1,1603586827
459,saint-pierre,0,RE,52,-21.34,55.48,290.62,3.6,1603586827
460,kanniyakumari,39,IN,76,8.08,77.57,299.12,6.16,1603586828
461,santa cruz,0,BO,70,-17.8,-63.17,302.15,2.6,1603586662
462,surovikino,100,RU,92,48.61,42.85,285.2,3.64,1603586828
463,manokwari,90,ID,66,-0.87,134.08,302.24,0.71,1603586665
464,rivne,71,UA,98,50.62,26.23,281.48,5.81,1603586828
465,ruangwa,61,TZ,85,-10.07,38.93,295.39,2.1,1603586828
466,uusikaupunki,40,FI,79,60.8,21.41,273.15,1.0,1603586828
467,dicabisagan,100,PH,83,17.08,122.42,300.26,3.02,1603586829
468,benghazi,0,LY,67,32.12,20.07,294.26,3.21,1603586656
469,san antonio,1,US,59,29.42,-98.49,291.89,2.6,1603586829
470,obo,99,CF,96,5.4,26.49,294.08,0.93,1603586829
471,grand junction,1,US,21,39.06,-108.55,290.33,1.5,1603586829
472,san carlos de bariloche,75,AR,80,-41.15,-71.31,280.15,7.2,1603586829
473,belfast,35,GB,70,54.58,-5.93,280.62,6.7,1603586829
474,katiola,20,CI,94,8.13,-5.1,297.15,1.0,1603586829
475,eyl,70,SO,66,7.98,49.82,298.63,1.09,1603586830
476,catamarca,2,AR,67,-28.47,-65.79,298.95,3.13,1603586830
477,olinda,75,BR,74,-8.01,-34.86,300.15,3.6,1603586790
478,amapa,53,BR,90,1.0,-52.0,296.0,0.66,1603586238
479,agua dulce,75,MX,74,18.13,-94.13,302.15,5.1,1603586830
480,safakulevo,99,RU,91,54.99,62.54,277.43,5.07,1603586830
481,alamos,0,MX,52,27.02,-108.93,306.48,1.34,1603586830
482,linxi,96,CN,36,39.7,118.43,286.41,2.19,1603586831
483,vanimo,65,PG,72,-2.67,141.3,301.91,1.03,1603586261
484,maldonado,90,UY,93,-34.67,-54.92,288.96,1.5,1603586831
485,leh,0,IN,79,34.17,77.58,271.47,1.24,1603586831
486,anderson,90,US,83,34.53,-82.65,294.56,2.52,1603586831
487,sisophon,86,KH,71,13.59,102.97,296.69,2.68,1603586831
488,tabou,17,CI,88,4.42,-7.35,298.38,2.5,1603586832
489,namibe,82,AO,82,-15.2,12.15,292.99,1.9,1603586832
490,sarangani,100,PH,84,5.4,125.46,299.8,8.23,1603586832
491,khanpur,0,PK,23,28.65,70.66,293.49,2.35,1603586832
492,ingham,40,US,79,42.6,-84.38,277.38,1.5,1603586832
493,poum,47,NC,76,-20.23,164.02,298.91,8.8,1603586832
494,lebanon,90,US,93,36.21,-86.29,284.88,2.6,1603586832
495,manoel urbano,99,BR,60,-8.84,-69.26,301.29,1.79,1603586832
496,sao filipe,100,CV,71,14.9,-24.5,300.54,3.47,1603586832
497,estelle,1,US,83,29.85,-90.11,294.02,4.1,1603586833
498,nicoya,75,CR,94,10.15,-85.45,299.15,1.5,1603586702
499,taltal,100,CL,73,-25.4,-70.48,287.78,2.48,1603586833
500,canavieiras,98,BR,86,-15.68,-38.95,297.24,3.47,1603586833
501,lasa,5,IT,93,46.62,10.7,279.56,1.5,1603586833
502,moba,73,CN,85,33.23,105.02,281.23,1.03,1603586833
503,san cristobal,24,VE,87,7.77,-72.22,292.38,0.49,1603586833
504,domoni,0,KM,78,-12.26,44.53,297.82,3.76,1603586834
505,etzatlan,84,MX,50,20.77,-104.08,294.82,0.89,1603586834
506,kamenskiy,100,RU,77,50.89,45.49,285.08,1.58,1603586834
507,hamilton,20,US,70,39.18,-84.53,280.59,1.5,1603586834
508,port-cartier,20,CA,64,50.03,-66.87,276.63,3.1,1603586834
509,saint-leu,0,RE,52,-21.15,55.28,291.21,3.6,1603586834
510,diapaga,82,BF,27,12.07,1.79,299.79,1.59,1603586834
511,faanui,94,PF,77,-16.48,-151.75,299.4,5.29,1603586805
512,nelson bay,90,AU,93,-32.72,152.15,289.0,8.2,1603586834
513,san quintin,100,MX,77,30.48,-115.95,292.07,5.54,1603586835
514,moose jaw,90,CA,85,50.4,-105.53,266.18,4.1,1603586835
515,edea,75,CM,100,3.8,10.13,298.15,0.32,1603586835
516,dolores,18,AR,98,-36.31,-57.68,287.42,3.64,1603586835
517,mirnyy,40,RU,92,62.54,113.96,267.15,3.0,1603586835
518,caravelas,100,BR,85,-17.71,-39.25,297.62,3.54,1603586835
519,safaga,0,EG,36,26.73,33.94,300.15,6.7,1603586836
520,kutum,23,SD,26,14.2,24.67,294.19,5.43,1603586836
521,corinto,0,GR,77,37.94,22.96,289.35,3.21,1603586836
522,kamaishi,75,JP,87,39.27,141.88,283.15,2.6,1603586661
523,luena,12,AO,84,-11.78,19.92,290.94,1.53,1603586836
524,nastola,90,FI,88,60.95,25.93,274.65,1.0,1603586836
525,pak phanang,65,TH,75,8.35,100.2,300.51,2.77,1603586836
526,gornyy,73,RU,92,55.12,83.91,267.87,4.21,1603586837
527,sioux lookout,90,CA,85,50.1,-91.92,269.15,3.1,1603586837
528,sao francisco,100,BR,91,-15.95,-44.86,293.5,0.88,1603586837
529,kungurtug,99,RU,93,50.6,97.52,271.22,3.19,1603586837
530,san cosme y damian,0,PY,51,-27.32,-56.35,302.15,3.6,1603586837
531,araouane,0,ML,13,18.9,-3.53,303.69,4.19,1603586837
532,batagay-alyta,100,RU,87,67.8,130.41,261.53,1.99,1603586837
533,jacqueville,75,CI,88,5.21,-4.41,300.15,4.1,1603586837
534,samagaltay,100,RU,91,50.6,95.0,268.61,4.72,1603586837
535,srednekolymsk,0,RU,95,67.45,153.68,265.03,2.52,1603586838
536,portland,75,US,57,45.52,-122.68,281.42,8.7,1603586760
537,trussville,90,US,93,33.62,-86.61,290.93,5.1,1603586838
538,pacific grove,20,US,68,36.62,-121.92,290.3,4.6,1603586586
539,san pedro de cajas,74,PE,83,-11.25,-75.86,280.22,1.57,1603586838
540,lerwick,0,GB,76,60.15,-1.15,283.15,6.2,1603586838
541,kununurra,82,AU,63,-15.77,128.73,306.15,3.6,1603586838
542,quelimane,4,MZ,94,-17.88,36.89,293.47,1.17,1603586839
543,tessalit,0,ML,17,20.2,1.01,298.72,3.36,1603586839
544,bereznik,67,RU,98,62.86,42.71,271.17,2.35,1603586839
545,sorong,100,ID,71,-0.88,131.25,301.43,2.26,1603586288
546,show low,1,US,23,34.25,-110.03,289.86,8.7,1603586591
547,holbeach,100,GB,89,52.8,0.01,283.38,1.34,1603586839
548,oussouye,20,SN,94,12.48,-16.55,300.15,1.0,1603586839
549,qasigiannguit,10,GL,57,68.82,-51.19,266.15,7.2,1603586839
550,mayo,90,US,77,38.89,-76.51,291.07,3.6,1603586840
